1.0 0.18793991035680033 0.33781448014933657 -0.2907808286157845 -0.15802970468091318 0.19191746757247116 -0.06318846458051866 0.35471188114992874 -0.01998366680672331 0.3627783434603614 0.6681717452765276 0.3623047321022076 0.828374466341203 0.40938547324743685 0.0 0.13119299002422938 0.4058941101446516 0.257955968603477 0.7120649720827268 0.0 0.3089992989442977 0.012201100127210724 -0.03415153596357892 0.22623512606847399 0.04589039800239101 -0.017175928991538903 -0.11222528824704782 0.26182701113439344 0.4662876039557174 0.2690399746257072 -0.18450666621838993 0.2811028883264978 0.25886201007669457 0.11620414948036792 0.24445726587716252 0.4661866277989524 0.10912114464202356 0.8798765306197549 0.3128846288495666 0.08962851514147026 0.24330902356799902 0.810900413243728 0.28242867809747774 1.518840384553156E-4 0.0 -0.35830788016981413 0.2009743887056292 0.4105134309598109 -0.3242071880910506 0.5313854728961773 0.14343477692538065 0.24610471753227217 0.0 0.8393855644292989 -0.3815260685452116 0.09583179822082118 0.15859744484154778 0.22562131885156286 0.1389251950681077 0.0 -0.055888947680133014 0.3983494749364672 0.8006063629170037 0.27711514634635914 0.8196744415484828 -0.07898748560203979 0.17486156452812415 -0.30759090769917735 0.8851989483255921 0.8481627249349876 0.09277746174175684 0.25743923656705964 0.16319538527739252 -0.28222292787972536 0.3884592443327042 0.5686657010085486 -0.05358780643763032 0.6999021705639007 0.33410881211606314 -0.004924646868772385 0.5705607957303459 0.27421691447943153 0.4917792320010876 0.22873231243161732 0.31337331199853674 0.7006444426847467 0.384263805177291 0.9875994553034958 0.3844764050501521 -0.019093811807645324 0.07935824270019326 0.22650733671120332 0.0 0.3654542113354489 0.1032768335742234 0.4776542500852723 0.5207808908293573 0.047802900753598554 0.1700844029001285 0.0
0.18793991035680033 1.0 0.565628625482536 -0.4206491055092782 -0.6342001673430744 0.7380185421311457 -0.5550837894544433 -0.19306529465900527 0.012957753491779684 -0.16845272988243196 0.42876150439837624 0.33406350840377985 -0.7729951242511172 0.4357057055641573 0.0 -0.33952510809481 0.48902956103376044 -0.13041881340347566 0.0 0.0 -0.06156632984986111 -0.7048756770294828 0.36548008017438116 0.34750527161450806 -0.017308675661217052 0.6504933807837706 0.41941898459916954 0.6439111717894556 -0.6882560561316831 -0.0014821126982227804 0.0 0.1876667152451417 0.1740854562799485 0.7207375864983043 0.20716021478445343 0.5545408341102459 0.0 -0.219966822183745 0.39861262402497855 0.6784748806199657 -0.1630370633559079 -0.7239669054833343 0.22925255508934472 -0.3430877461898506 0.0 0.0 0.12565696563430026 0.6022502080417379 0.5850143987745676 0.0 0.8185247316009812 0.06042264391568092 0.3626625784994135 0.0 0.2231427561024738 0.6883064837860429 -0.08104669598303545 0.20670627046618642 0.46134724342934286 0.0 0.026031033465259427 0.0 0.6663736288873315 -0.1517715159658846 0.602602666335622 0.0 0.2902578286479529 -0.4169534612977227 -0.40679669813863234 0.6315545196103552 0.2360595252319619 -0.06541638947668671 -0.631352279021426 -0.63816939201916 -0.497884305916183 0.0 0.11305654241034335 0.7676305707713771 -0.23203487266148792 0.25777670890483295 0.031454944002701844 0.19308249853653703 0.8886827185137494 0.0 0.19629697624280848 0.6150155860035155 0.46919837787059476 0.26676434047520603 0.09952029151915463 0.38015348569451085 0.18229932859223075 0.4446914613989193 0.0 -0.594554919529559 0.5083119567174784 0.46139464470228386 0.3387089373751084 0.5102257251660164 0.5125338735186126 0.0
0.33781448014933657 0.565628625482536 1.0 0.0 0.0 0.7318153615137677 0.22082684670638192 0.0 -0.1275915752245147 -0.06523381830954421 0.0 0.28282942555909896 0.0 0.16860382495583878 0.0 0.3064901379776809 0.45531604595155506 -0.06955984729820099 0.3016062340669982 0.0 -0.20403217012450786 -0.10445297314616996 1.0 0.11559703893285667 0.10118596461466413 0.6502781794213106 -0.11597971586639108 0.02685981906394943 0.0 -0.409792397229782 0.0 -0.1475410237101345 0.0 -0.2185200716150808 -0.3183951556138065 0.0 0.0 0.0 0.7225546965882905 0.0 -0.019672220627706807 0.0 0.07643351582340945 0.0 0.0 0.0 0.14245611134361702 0.031950974379730976 0.0 0.0 0.0 0.04837070552059363 0.0 0.0 0.0 0.0 -0.15047552720039745 -0.22543307940402912 0.0 0.0 0.5503406773474324 0.0 0.4915050355130375 -0.08012100190599479 0.0 0.0 0.0 0.0 0.0 0.0 -0.2753190256812458 0.3116807120693998 0.0 0.784568961789878 0.0 0.0 0.0 0.0 0.4225250456168749 0.8993967303547793 0.0 0.0 -0.006011610989799255 0.0 0.8194587726002442 0.7875491811913539 0.5552942475734968 0.0 -0.14449556131523478 0.0 -0.6530177886737324 0.09063445183079014 0.0 0.8844926744255127 0.08889028585900607 -0.1221546739198756 0.0 0.15198513264142924 0.3736201968678597 0.0
-0.2907808286157845 -0.4206491055092782 0.0 1.0 -0.6560897440718008 0.07079539307574512 0.18913808210440544 0.19216091211588815 -0.07289638221512496 0.3425977672679842 0.0 0.38992456819267524 -0.02640893652864842 -0.2054563037841465 0.40940252376353753 0.19298526666514798 0.08403744419128062 0.06748925623396308 0.03853545167278474 0.0 0.21443028537398878 0.11181574718035373 0.5796306097646248 -0.2695533387138372 -0.4134416238333886 0.47085266541446424 0.08968610315177021 0.16904120590425553 0.23729969818291521 -0.36931082686917643 0.08990092469959937 -0.07440469441155383 -0.014680818858922669 0.3471532504863616 0.23477017018110097 8.916305189929022E-4 -0.25028505381547644 0.4712370059571055 0.08255311694130935 -0.3138225268915247 -0.04946921702001941 -0.06985727199370406 0.21117152718930945 -0.31779340657878846 0.0 -0.5504364210306008 0.11612711386964862 -0.08752604984073788 0.539710256954877 -0.4535157140001883 -0.3134948150842149 0.422067827531794 0.0 -0.7455949651454765 -0.007481756287943849 0.7128502903899179 0.5617875442571972 0.2830311723932724 0.026651437832454467 -0.40867392738002656 0.06583757495018266 0.23173450602588422 -0.11716382229177115 -0.2254471972038731 -0.6316007915751121 -0.3252986764814458 0.10392523460506271 0.26100325741177155 -0.009722536937503303 -0.6941272440491426 5.30074300597359E-4 0.06381800833179464 0.21878084508720402 0.22907181585438674 0.5278109727136742 0.44562121901776947 0.29776548618943577 -0.33984643929513647 -0.2013599540883276 0.03529260643998308 -0.1598457096837284 0.07431287658112064 0.5007556069278518 0.2523481569573067 -0.7165103245512517 -0.26564442789598824 0.05538484152116313 -0.8937408989831284 0.05705280398497814 -0.5903847339388258 0.026147921604724844 -0.16515872564451492 0.7689754110732024 -0.3437023616561614 -0.13481731661537702 0.23775631097055494 -0.17830685874297145 0.09869595103125112 -0.048478115464711556 0.0
-0.15802970468091318 -0.6342001673430744 0.0 -0.6560897440718008 1.0 0.2512788309787124 -0.7057798309346835 -0.21047647260488384 0.342782812648604 -0.62910891269628 0.0 -0.5843837897913412 -0.20220390317262663 0.23176154404850102 0.0 -0.5625942185803475 -0.28559970554313674 -0.4294117585428242 0.3455721384340079 -0.9746657159441016 -0.15670687785612483 -0.5548017623540306 -0.3037411881132373 0.03884119753849576 -0.31472867642531294 -0.07689184138766347 -0.2159163904909461 0.533243753014882 -0.5944649084196957 -0.0222709783769983 -0.35467927569920327 -0.06816423826034607 0.05119278101986111 -0.41773229217146995 0.05780323348127808 0.4252955089662157 0.05878120136252169 -0.4309403023800182 0.5115457072745149 0.08283392362232649 0.00932904199574673 0.0 0.16591413732631127 0.13540513541109084 0.0 0.0 -0.12396289847662043 -0.24466461959790775 -0.8021598426135453 0.6153977131418079 0.0 -0.11268753915500085 0.0 0.0 -0.4547470715026233 -0.47178168803232134 -0.3000709777613464 0.3599500917811758 0.7483730637564472 0.7711048270206619 -0.1749101412485296 -0.4869951257405093 -0.619984910000074 0.4672403433542097 -0.3155542236844666 0.0 -0.06803647194892959 -0.23414437244468514 -0.7249508428183002 0.0 0.6094189645304274 -0.3000890770489837 0.21025710007474036 0.11920387060286755 -0.5812371325595733 -0.8428846764259399 -0.011829325599254184 0.0 -0.04653141658009206 0.6874948604207333 -0.08673725708964303 0.7224483837413874 -0.22894245010749695 -0.39167476982570093 -0.10569431239932331 0.525193092875413 0.20970334174167185 0.0 0.10964700497921157 1.0 0.5316790017081987 -0.6854013883537372 0.0 0.7177515686851625 0.07532472136464381 -0.6623802687742233 0.17123669105255146 -0.2371587430409725 -0.46168573625112436 0.0
0.19191746757247116 0.7380185421311457 0.7318153615137677 0.07079539307574512 0.2512788309787124 1.0 0.34279619076434886 0.5248651084210063 0.4155464318300897 -0.4247518025453995 0.0 0.25597885923843894 0.0 0.026961164152348813 0.0 0.21165007035134292 0.43885191738502366 0.025009133244669964 -0.3303439443975213 0.0 0.30046870545609117 -0.3100831882523607 0.01892469448102808 -0.020890068903031907 -0.06710010952649534 0.0 0.20017587550757635 0.3899695530052334 1.0 -1.0000000000000002 -0.13310602457871526 0.07743100685879277 0.1841612479030261 0.0 0.07789082821018908 -0.24155412424403017 -0.4266156471472178 -0.8855212446038123 0.0 0.18911227733011657 -0.03954358933826576 0.0 -0.046691615034069774 0.0 0.0 0.0 0.20204833848392703 0.3143579705649385 0.30936288701788556 0.0 0.474388505031668 0.16892538070965415 0.0 0.0 0.26719905977600844 -0.1157611026306012 0.11702495194695961 -0.4612744070732524 0.0 -0.7054676307796727 -0.04758728423572863 -0.16409496208717525 0.040511067741816315 0.1258003280351032 -0.01541932512324423 0.0 0.0 -0.5001593288274757 -0.6054660249934365 0.0 0.16911868583290965 0.3898198892679245 0.0 0.658939493895626 -0.12689124979548858 0.0 0.0 0.29104741112679045 -0.22151859542567937 -0.08713063055877993 0.6122439811144035 -0.07893946820720305 0.16763477071554464 0.17297634929514544 0.0 0.44825782008331067 0.3300430824747931 0.0 0.07666022254059528 0.0 -0.13361575794011407 0.17468698243676722 0.0 0.6147861944239157 0.40975824197833655 -0.9524358080925919 -0.5000310392724694 -0.37467003846699476 0.264565809577165 0.0
-0.06318846458051866 -0.5550837894544433 0.22082684670638192 0.18913808210440544 -0.7057798309346835 0.34279619076434886 1.0 0.4216316795032059 -0.06143637247872305 0.209614583303748 0.0 0.5017200790885666 -0.05878475713412463 0.17078798469313197 0.7844317780106104 0.45254988588503586 0.5916295378257763 0.3086664776380871 0.5211840429459821 0.16094687394532978 0.18624932778310319 0.22789037712692822 0.34734610124533777 0.1411423842541818 0.08788006479149793 0.0 -0.015015956322950776 0.12504992894321842 0.4094906037810092 0.8838766846198044 -0.16307728128201582 0.009361830729798503 0.29160565983535064 0.5122181346442347 0.17999750863941935 -0.6700783274649973 0.2315680198417758 0.5255717839517231 -0.4136665122585603 -0.3628240980611314 -0.048905009590273725 0.7260766462220192 0.3026902559593693 0.14224253319157326 0.0 -0.3342180777974946 0.3742360774863132 0.26164955359356945 0.4453596308533859 -0.08240692987143505 0.1156435070492566 0.1998663514082811 0.0 0.0968593546089057 0.2473852783105705 0.8462510975178769 0.23733792389122463 -0.2733288291938433 -0.142428989567976 0.0 0.36991123824909783 0.4957723195850948 0.3920316433681439 0.12892774779869978 0.9999999999999999 -0.3445654736646553 -0.24893991509307845 -0.0846449455226678 0.19905020645841848 0.9980451177614752 0.034587709317510346 0.6211643244492425 -0.15678546844796448 0.322678942807727 0.41214241924769257 0.8648483218472134 0.565910972944035 0.0 0.21298518745204711 -0.22327191112836797 0.49577277397940334 -0.10281604077077894 0.6452132109023933 0.40872704945489735 0.6866706528681085 0.2612986775580007 -0.1315371083970724 0.24061170547297517 0.17922849720928755 -0.07285631060586947 -0.026714027179631894 0.3951475204080872 0.0 0.11140176275228032 -0.10914517070118289 0.3445704208139367 0.5188681466135271 0.47634097706523115 0.10635066801500694 0.0
0.35471188114992874 -0.19306529465900527 0.0 0.19216091211588815 -0.21047647260488384 0.5248651084210063 0.4216316795032059 1.0 0.0803342609874323 0.26538702859828095 0.8753202768926317 0.5714065641118644 -0.37469519624322367 0.39314465315466646 0.0 0.506402874839031 0.28493755510879826 0.25096861825708144 0.3892890042631984 0.7876111779256135 0.5906794942928134 -0.11425086592143248 0.18946930311964083 0.07576478362375283 -0.02640172542061846 -0.04877730286197763 -0.2771429738730402 0.09017962547550454 0.5352690277870005 0.49207163467132187 0.13962100930705043 0.13978013689606464 0.07439380868353178 0.21714761178056757 0.2684238274772852 -0.7575514780740431 0.35430694720147116 0.027280135799707003 -0.3823644131268451 0.0 0.29539972968164413 -0.13110710099605416 0.21693418851326654 -0.3097011679408306 0.0 -0.22914782210946455 0.4352907239538298 0.5772087720164153 0.21098622548211213 0.32578904186900315 0.021836170582745413 0.40830413589168413 0.0 0.46248137024554564 -0.008547455353862634 0.5301679211152925 0.43312834732955535 -0.26521209084245867 -0.33717776778274094 0.19722749153097657 0.0940534039757168 -0.30088270968993325 0.771355718410716 0.14016116526607164 0.8995893973051495 -0.11176061937307116 -0.219513456244259 -0.24830250824611985 0.4938806799812194 0.20718015563101072 0.5416384241847676 0.3257454066791472 0.23654088761128875 0.5395443608993046 0.4432842133061439 0.07309666887671655 -0.26510289716181346 -0.13474201390907398 0.1229456601904213 0.3767551199729845 0.2811605947107632 0.43654457530439045 0.652446534189235 -0.4694123741995739 0.24750270975889127 0.6590049315760218 0.3177865213141954 0.49879798642920437 0.20254057842070639 0.48467865151321193 0.30029493460025186 0.359930701454274 0.0 0.1582167262728427 0.26104683421251307 0.23681897714145336 0.33247418355462616 0.01685207108669729 0.7589330583669177 0.0
-0.01998366680672331 0.012957753491779684 -0.1275915752245147 -0.07289638221512496 0.342782812648604 0.4155464318300897 -0.06143637247872305 0.0803342609874323 1.0 0.023569210483750505 0.03355930847955408 0.1875942035364277 0.6278816065770811 0.03505726925560359 0.5788601553963101 -0.0357130523205066 0.2839317361499022 0.045387001345495046 -0.049778265062361944 -0.25079382314525495 -0.07411411723396498 0.21639150114711028 0.02350923141839122 -0.012190119390084693 0.15404231096054505 -0.21483062512831816 0.04758462868774924 -0.12626236172964395 -0.12934784647251535 0.40162719769675503 0.39114120483476067 0.017689785020461413 0.2719659291586764 0.07176018264164319 -0.014598129663393859 0.391139046113599 0.43859593851996787 -0.19188896212243028 0.14777449458028208 -0.3335027334385045 0.12685570764442033 0.30930672584493685 0.29073143641674654 0.2429517790852902 0.0 -0.11229045427071695 0.13512600853420467 -0.020923392782307915 0.009500446240503238 0.4582267861531112 0.16678239167396358 0.07768116198406676 0.06156180295934932 0.313801963685854 -0.45308292357716173 -0.13754824582711725 0.06550166933235499 0.09956498008846096 -0.22470848725088347 -0.6384960922922456 -0.059237544508242646 0.06917694806324086 0.17383841054135574 0.15903895867199494 0.06189820129158477 0.011939306631869871 0.12327087733775571 -0.31470533987880334 -0.11317827194883393 0.19170001106785337 0.005632235562479261 0.03444714822251158 -0.035665046892664 -0.05785370377049854 0.18528859060514014 0.20595355174270952 0.08267234734068453 -0.08692722111656007 0.3194880815392623 -0.10784080219538818 0.31381125500916107 0.3929736203607663 0.48507200748165835 -0.6069316817014236 0.19663086426897886 0.04205589245974561 -0.043379937812444744 0.5430969914175406 -0.24513944036377588 0.06250189044493551 0.2661603554717572 0.2210733375304366 -0.5479189433542994 0.24564485973178576 0.01895780425143531 -0.1571406061173657 -0.14860583428493107 -0.0077311173286589065 -7.550933848246615E-4 0.0
0.3627783434603614 -0.16845272988243196 -0.06523381830954421 0.3425977672679842 -0.62910891269628 -0.4247518025453995 0.209614583303748 0.26538702859828095 0.023569210483750505 1.0 0.947716733053701 0.562706568748492 -0.05600195472294397 0.2830695168155056 -0.7559131928207512 0.5860973794351547 -0.014780885475114278 0.2877265015818394 0.0 0.0 0.41024631453430466 0.40744733396902416 0.1127156234243324 0.07967418013510054 -0.00813337086041644 0.40215366401465474 0.3654342774827622 0.1750058974177529 0.3751220364112627 -0.054332440302027975 0.16006856995430666 0.35453102197022685 0.3597773870464485 0.44470616204961005 -0.022225857649164404 0.11423839332721716 -0.2952515598455758 0.4991874528620566 0.6286769462889679 0.7464199202329609 0.4956057637963062 0.4956377609962216 0.27810331839245805 -0.17048663391611754 0.0 -0.5601997107078437 0.1806544377318972 0.05881826009496658 0.9103465482087341 0.04424504851086507 -0.6072756169449312 0.32694992260873174 0.2950161639987333 0.3345643618020124 -0.21177051122670873 0.7387068684805659 0.5167839424597745 -0.057643569639201545 -0.06877082670241577 0.0 0.21232320843175395 -0.13227081579534392 0.4548011441266874 0.3090475201544376 0.49700687555440887 -0.24058720966079314 -0.10027113559105909 0.1555623325311449 0.36783066675751475 0.32245392715417964 -0.10448159969846292 0.2627203122917305 0.0 -0.3477084045175851 0.45951992226687466 0.4706445068386422 -0.1554407608286115 0.0 0.6517781799219564 -0.6930120450813859 0.3777914987086468 0.16426207265660167 0.47674782217054695 0.4104694686017436 -0.28528060645964726 -0.07806877786102774 -0.057262658184463154 -0.38183041252866656 0.4124702810680451 -0.049612462727591615 0.11514051942911548 0.09175861287540306 0.0 0.1633790955384842 0.059041351670986564 0.6224644682675095 0.15235499719203557 0.11519820511812515 0.9096297561560488 0.0
0.6681717452765276 0.42876150439837624 0.0 0.0 0.0 0.0 0.0 0.8753202768926317 0.03355930847955408 0.947716733053701 1.0 0.6745859890929969 0.0 0.864158565218093 0.0 0.7741271558147828 0.3284552177294183 0.6766824736849878 0.0 0.0 0.9397330986865565 0.5706401400907911 0.9342341002670397 0.0 0.5232276948770607 0.5960395606792697 0.20456244856314335 0.6566727240369068 0.0 0.0 0.0 0.5783354516977219 0.8699831424669505 0.6156289818275911 -0.225599151038633 0.0 0.0 0.0 0.0 0.0 0.2327639461046803 0.0 0.41382491969059826 0.0 0.0 -0.4146586477422525 0.5565665739883403 0.16138462156891265 0.0 0.0 -0.41926964949444917 0.8472045867914964 0.6029680399535314 0.0 0.0 0.9534121472373586 0.7648803369450448 0.4056395750973362 0.0 0.0 0.3689608181527392 0.0 0.0 0.0 0.0 -0.45083481733371605 0.0 0.0 0.0 0.0 0.0 0.31032246755469234 -0.16329931618554527 0.0 0.17234549688642772 0.0 0.0 0.0 0.0 0.13312951339245757 0.0 0.0 0.0 0.0 0.0 0.0 0.7435468238223226 0.0 0.9155128504363815 0.0 0.16714585757735423 0.7576231572680165 0.0 -0.12815364865751416 -0.2865722462513626 0.9975103695813372 0.0 0.42359890264069455 0.8384345205297083 0.0
0.3623047321022076 0.33406350840377985 0.28282942555909896 0.38992456819267524 -0.5843837897913412 0.25597885923843894 0.5017200790885666 0.5714065641118644 0.1875942035364277 0.562706568748492 0.6745859890929969 1.0 0.0 0.22766917122578342 0.0 0.08585647142639868 0.4444572264445945 0.3673751403064569 0.5117029957633401 0.0 0.16158513655269136 0.3306167205307093 0.6367202590805872 0.35185511972175065 0.019304326624606235 0.6358453807698612 0.31685052054097507 0.4239822090541673 0.8140600990769626 0.36083327930182313 0.16408983893991208 0.32717712546969047 0.7421453294138773 0.5657620494895708 0.20575531907959682 -0.1624405439665623 -0.28439299585978256 0.8980777330114436 0.33078876129016915 0.5180530643365928 0.2967609702565325 0.0 0.5052215622041398 -0.41051579948427297 0.0 -0.23702826863269952 0.43066553237770316 0.24665469980183644 0.3136505350256805 0.0 0.30805019048000104 0.1634396886129649 0.0 0.44325715266816795 -0.39344748291238757 0.5911424308636902 0.27494079467425725 0.034189552664125475 -0.30434896768268277 0.0 -0.144558934687961 0.0 0.5954556885738933 0.1691586601820042 0.8952662364521855 0.07236638190916929 0.0 -0.23559665782006886 -0.3177958860206258 0.5579403522053301 0.26438083914102595 0.3956021019114379 0.8933373893944692 0.17260786726936692 0.4958270574187454 0.0 0.7117279712290496 0.0 0.061576111275854765 0.15115598807447064 0.2911587266256608 0.2118185673978992 0.554877128261608 0.0 0.0851132298559265 0.5456724722942902 0.1975210357450242 0.0 0.1814647809046885 0.49761719622501005 0.06611115013822635 0.24634978354317402 0.0 0.3443067642827957 0.28454210528340323 0.7374050148361939 0.22727358825898633 0.34393010596228735 0.5275513475803905 0.0
0.828374466341203 -0.7729951242511172 0.0 -0.02640893652864842 -0.20220390317262663 0.0 -0.05878475713412463 -0.37469519624322367 0.6278816065770811 -0.05600195472294397 0.0 0.0 1.0 -0.13102632320526106 0.0 0.6114122886777101 0.12829196525520298 0.017830634498871612 0.0 0.0 0.06393948205290877 0.4054515048800803 0.03155787444286389 0.5246938498271129 -0.7502329875996689 0.09796496278027107 -0.14279060703820065 0.0 0.6614861189037428 0.0 0.08309746103550716 -0.07001846568350578 -0.15148239922948026 -0.02164696003583546 0.13633576670528869 0.0 -0.18332933145886593 0.08030625486282188 0.0 0.0 0.02643015302154471 0.9106131366355924 0.9009718721237356 -0.6912721456688248 0.0 0.0 -0.00835621090338988 0.04259739685167503 0.0 0.0 0.0 0.36617386845688854 0.0 0.0 -0.6310852503145581 0.0 -0.04838573718421388 0.009890636993045846 0.0 0.0 -0.023664364740399374 0.6632406061164396 0.5054244807092462 0.8531290529169359 0.0 0.0 0.23796561962430035 0.0 0.24522690393933824 0.0 0.8304081808997023 -0.35114819039329875 0.0 0.0 0.02044526137701365 0.353206976124246 -0.6113850030152216 0.0 0.0 0.5491051059254679 0.7614209274991665 0.1796154254346093 0.0 0.0 -0.4469345271019197 0.0 -0.5791446878803965 0.0 -0.28371364993369097 0.0 -0.14260799362389778 -0.1396609690497762 0.0 -0.4862126170732665 -0.05661819579813339 -0.10352163202457429 0.0 -0.4575377564398154 0.0 0.0
0.40938547324743685 0.4357057055641573 0.16860382495583878 -0.2054563037841465 0.23176154404850102 0.026961164152348813 0.17078798469313197 0.39314465315466646 0.03505726925560359 0.2830695168155056 0.864158565218093 0.22766917122578342 -0.13102632320526106 1.0 0.11771490726626657 0.23274775398702388 0.2485396020610678 0.18395499367036433 0.5317989356953644 0.21639884778432172 0.0395128259737247 0.03182766896223909 0.33798144156947246 0.11092895975130614 0.046772924551885746 0.19316243053305862 0.11251442592564516 0.3203104323602723 0.23418630865000153 0.0955200742009436 -0.07347744852107008 0.09084487024506 0.5499327124816974 0.20789265226903875 0.3843249979840835 -0.23908734927379213 -0.03337688254300829 -0.00927765907379916 -0.112641576888018 0.09418831565084226 0.35052517432555697 0.5756455536887761 0.2550844372370888 -0.22311764986536634 0.0 -0.1015346165133618 0.3410928317352673 0.5126822673294209 0.26257369684073334 0.33300847352053276 0.33123280901057567 0.29298540949776053 0.5457436480124862 0.483267838348899 -0.022103300125570206 0.019604949376851723 0.23687910451539151 -0.19452987259518353 0.20118230795728087 0.5356963308746727 0.2072244697187995 -0.045715739820555656 0.46375582312546104 0.01871558659260177 0.7049501564310572 -0.15629165691514071 -0.1714385615435028 -0.07114569721215015 0.24679615611922395 0.33036068531299256 0.38808503128981925 0.2810790311469606 -0.439770271219705 -0.046830585546733625 0.18089336144342488 0.1945980277785095 0.3170365571466741 0.18199856955842889 0.4021022433767689 -0.013637473573070187 0.38436620194027277 -0.04706373791987594 0.676222833914832 0.29860563182504424 0.3158504881575665 0.6430607039716235 0.4012015292937254 0.6720858887668081 0.20985943129567877 0.7268411554350285 0.23753911595227406 0.2498946535652258 0.0 0.39504706214374985 0.23927716516479103 0.40894286623787535 0.5328470415137753 0.4202907574358643 0.39647704852604604 0.0
0.0 0.0 0.0 0.40940252376353753 0.0 0.0 0.7844317780106104 0.0 0.5788601553963101 -0.7559131928207512 0.0 0.0 0.0 0.11771490726626657 1.0 0.0 0.7061502121889388 0.3108613241738396 0.0 -0.6390540832423979 -0.8253640340595934 -0.4302203965300577 0.6727675692979248 -0.9206899809186511 -0.056701292982390565 0.0 0.0 0.0 0.0 0.5743934290145644 0.0 -0.05933803196397162 -0.6141074871141136 0.0 0.43528232060559846 0.0 0.3695367158470773 0.34106332197528444 0.0 0.0 0.0 0.28349707037067073 -0.1925770150491982 -0.04278910766084596 0.0 0.0 0.47571579118394336 0.9580473465659459 0.0 0.0 0.0 0.4778817642031781 0.0 0.0 0.0 0.0 0.26152622944397974 0.6782481371168041 0.0 0.0 -0.3530689327858367 0.26415972809448424 0.0 -0.6083039559256596 0.0 0.0 0.0 0.0 0.5594021027196348 0.0 0.0 0.5030191000064453 0.0 0.010735043080189478 0.0 0.3766588923446066 0.0 0.0 0.0 0.0 0.0 -0.26705648260730225 0.0 0.0 -0.7624758045898914 0.0 0.0 0.0 -0.2729533128863998 0.0 0.6375105377680717 0.8693077975357925 0.0 -0.1626881403771428 0.0 0.0 0.0 0.0 0.0 0.0
0.13119299002422938 -0.33952510809481 0.3064901379776809 0.19298526666514798 -0.5625942185803475 0.21165007035134292 0.45254988588503586 0.506402874839031 -0.0357130523205066 0.5860973794351547 0.7741271558147828 0.08585647142639868 0.6114122886777101 0.23274775398702388 0.0 1.0 0.4637782795568517 0.04608645084625793 0.4632451930553692 -0.11744851596217347 0.3164476762568998 0.008337837376184936 0.5393458407790729 0.1923781677470555 0.21592691837800104 0.12084798771180877 -0.021559496582710964 0.21027617382949773 0.2545361337081382 0.4991671849682277 0.20997015915203876 0.09107374955588848 0.3737674496586574 -0.12566806966837774 0.15656563892921685 -0.03094980294496925 -0.2366209625021369 0.5283573467247323 0.46327760531778006 0.5962800449966335 0.1395316026261054 0.6297338528578039 0.006309114993577867 0.15115574120847444 0.0 -0.4722961622937321 0.34523860513482885 0.19628100606630478 0.19079875463533671 0.11725447687318229 0.15891473896539857 0.47052422972685065 -0.21021133822803215 0.26491745924496496 0.26552332262128975 0.5603582061798348 0.4066134596165737 -0.0851532058566726 0.10153261412427406 0.7114357599732718 0.09826767442131595 0.47635206552755277 0.4023133553510194 -0.02442195523231253 0.5544262521502392 -0.3667679646644831 -0.17212699854695956 0.1545967983494377 0.5226261774770394 -0.03579605287848086 -0.5138989968718555 0.42397493987496476 0.15950649713761583 -0.03379130616926922 0.6184139091536068 0.18727733848708658 0.38482972098971846 0.05720435279298311 -0.044049133529626916 -0.06469805665464566 0.398486372363291 0.17876929359462845 0.2002787897309269 -0.09202350121134407 0.42708977000263165 0.5219426687355989 -0.19768203679794896 0.6043274836337711 0.4462205889478335 0.7990089325021105 0.07743618617386955 0.23577294613223135 0.6144859635518533 0.3049650614567249 -0.01091304401377412 0.4572188401662042 0.011243904826885165 0.1490410509408976 0.42353972400297785 0.0
0.4058941101446516 0.48902956103376044 0.45531604595155506 0.08403744419128062 -0.28559970554313674 0.43885191738502366 0.5916295378257763 0.28493755510879826 0.2839317361499022 -0.014780885475114278 0.3284552177294183 0.4444572264445945 0.12829196525520298 0.2485396020610678 0.7061502121889388 0.4637782795568517 1.0 0.31080093751721893 -0.14449420556104603 0.13759123502721704 0.25827392113839764 0.08636825197164658 0.5797646313268697 0.3216388343313958 0.10256659061201816 -0.017785355314588094 0.40952433753292644 -0.04761671957215842 0.7868993005379197 0.4267291270303019 -0.19350572309524441 0.04855202315619625 0.5070119677861415 0.26369915524994014 0.2756162540245141 0.5184431709725341 0.15272111436675417 0.15985436678757226 0.3601502215899683 0.5518953584450943 0.3837668236921611 0.2669989313778395 0.3784271687525022 0.20231251954473778 0.0 0.20340013936290308 0.4817415902034369 0.31741772967582904 0.3913768928805875 0.23955061131782998 0.3190856547046391 0.40015199961387005 0.10259053218126862 0.10918589233813877 0.276497349932599 0.46456798215409717 0.5549145160672087 0.04079280474439338 -0.3766572494739341 0.395596117928788 0.08416424461910335 0.29676864647166146 0.6760717494123731 0.19514096653503016 0.7854970056465266 -0.14110559783258475 0.7499016500723048 0.047767998395161146 0.5740656781850362 0.13199985004542147 -0.03091337523152532 0.45426332966498395 -0.36211683280619733 -0.08090024375807571 0.09970481193059448 0.9110374264390363 0.18783242677361406 0.42796789427717663 -0.03469290318789851 -0.09458911198231491 0.22151482901066638 0.6686651774998144 0.7697020004788868 0.07763605009948896 -0.09327948877383187 0.4158979304559113 0.5646660097894134 0.9006883186664878 0.28113703901427517 0.9447736990389619 0.3242675515457623 0.6010037736988579 0.0 0.14240943126257133 0.4582962157042244 0.3705969915222494 0.6123219758433311 0.4107771566557913 0.6564317744267482 0.0
0.257955968603477 -0.13041881340347566 -0.06955984729820099 0.06748925623396308 -0.4294117585428242 0.025009133244669964 0.3086664776380871 0.25096861825708144 0.045387001345495046 0.2877265015818394 0.6766824736849878 0.3673751403064569 0.017830634498871612 0.18395499367036433 0.3108613241738396 0.04608645084625793 0.31080093751721893 1.0 -0.05242603954097692 -0.18795152170699242 0.36437863911020046 0.25367239090969335 0.20003076806137357 0.2204388404306582 0.10586160561058278 -0.378736989111254 0.07102770432834522 -0.12379851295384244 0.5044364762076073 0.35892588074674703 0.41093259729664405 0.2108532575502768 0.3210140995597987 0.1317241426578236 0.07354679095142048 -0.2504282714978181 0.5102049627795678 0.39125245954241894 0.07224800685979874 0.5049705156119132 -0.06304185097799354 0.3165402938704856 0.19402353308333797 0.22004787898193795 -0.12656383362478843 -0.4810640803835089 0.19784925141544096 0.09329922693975531 0.19916070270855887 -0.1015491792170055 0.16529230092424496 0.23174502606611358 0.2847766799476418 0.20366517917709417 -0.017187295785004938 0.31589027538406744 0.11693041633673862 -0.2061850469730687 -0.231842351919859 0.16397353151864302 -0.03247098881138876 0.31492394491553494 0.6819494057936372 0.27825670369859395 0.7315777275248776 -0.25049327166899343 0.15476378140662883 0.08523438008364398 0.37804753198902935 0.015509963336554834 0.034161198655853965 0.3588466117369336 -0.13891036919518357 0.12965664395608095 0.38832632238129955 0.5770758677212867 -0.019714004374037555 0.11716739523905928 -0.0989153566472948 -0.16732759807317227 0.12816039793657774 0.27371318035278003 0.2098250943944925 0.38517608218408583 0.02401996831321487 0.07662578783843468 0.3015176045493993 0.6639827461758597 0.24799557707230582 -0.048065082004006346 0.29822028616395246 0.017092105840663594 -0.5793209098947951 0.0445362038125138 0.1525517359243986 -0.014717748708591005 -0.5732441422029236 0.14702226870186208 0.24129071418418943 0.0
0.7120649720827268 0.0 0.3016062340669982 0.03853545167278474 0.3455721384340079 -0.3303439443975213 0.5211840429459821 0.3892890042631984 -0.049778265062361944 0.0 0.0 0.5117029957633401 0.0 0.5317989356953644 0.0 0.4632451930553692 -0.14449420556104603 -0.05242603954097692 1.0 0.0 0.21165634091207491 0.029262009850461033 0.0 0.12995187695013627 -0.5600379058911469 0.0 -0.8240467632338571 -0.21914455892997317 0.6726727939963121 0.0 -0.3187094424847815 0.2739072944908612 0.0 0.0 0.378058289474928 0.0 0.0 0.921272312334006 0.0 0.0 -0.5930449009446476 0.0 -0.028172215486506124 0.0 0.0 0.0 0.5051908929283542 -0.5012408751660837 -0.4891062384508925 -0.30901167128844 -0.17908981410070424 0.5233516773282644 0.0 0.0 -0.023347901534864567 0.7140118008989398 0.48389228544984453 -0.8123692797290571 0.0 0.0 0.19974763524252825 0.8451995386486544 0.0 0.2602000574743825 0.8515940726597591 0.0 0.07033616644484864 0.0 0.0 -0.6029077843089982 0.0 0.5119276452285537 0.0 0.0 0.15280058101573812 0.0 0.0 0.0 0.0 0.0 0.5290255552633878 0.0 0.9937334422847275 -0.5234295730884861 0.0 0.24197149180013566 0.0 0.0 0.5486622459646591 0.0 0.3699809273420317 0.22451925284460894 0.0 0.466809403563165 -0.05256801714571829 0.0 0.6637359482073422 0.2995842973313907 0.0030605584669593437 0.0
0.0 0.0 0.0 0.0 -0.9746657159441016 0.0 0.16094687394532978 0.7876111779256135 -0.25079382314525495 0.0 0.0 0.0 0.0 0.21639884778432172 -0.6390540832423979 -0.11744851596217347 0.13759123502721704 -0.18795152170699242 0.0 1.0 0.0 0.6474619683025024 0.0 -0.05756214999891521 -0.521081570729328 0.0 0.18082606440267196 0.0 0.0 0.0 0.0 0.0 0.5021583983684879 0.0 0.38226982249711716 0.0 0.847191129663725 -0.06601465688092162 0.0 0.0 0.5119309189208633 0.0 -0.1092436741859164 -0.6714418861827041 0.0 0.0 0.17294303194498017 -0.04706378327192756 0.0 0.7215153008421025 0.0 0.11406060084626855 0.0 0.0 0.9999999999999998 0.0 -0.31699369556032775 0.0 0.6978484728905515 0.0 -0.9294799826192475 0.0 0.0 -0.2730551308393735 0.0 0.0 0.0 0.0 0.7081779010909519 0.0 0.0 0.42042842878030473 0.0 0.39841068043556116 -0.15276597295052677 0.0 2.9439233600320754E-16 0.0 -0.43810372915319246 0.0 0.0 -0.2752863943610389 0.0 0.0 0.0 0.0 0.0 0.0 0.5465667198282772 0.0 0.01240623594054197 0.6283788444075377 0.0 0.0 0.0 0.0 0.0 -0.3583218806757371 0.0 0.0
0.3089992989442977 -0.06156632984986111 -0.20403217012450786 0.21443028537398878 -0.15670687785612483 0.30046870545609117 0.18624932778310319 0.5906794942928134 -0.07411411723396498 0.41024631453430466 0.9397330986865565 0.16158513655269136 0.06393948205290877 0.0395128259737247 -0.8253640340595934 0.3164476762568998 0.25827392113839764 0.36437863911020046 0.21165634091207491 0.0 1.0 0.20734687763756737 0.15486624599829565 0.53004803477983 -0.07755774273071646 -0.0044253681595392245 0.1502599994316191 0.37277089208112585 0.1628541300988302 0.12725182226952753 0.5554038839485297 0.1930986532032966 0.19196649594608467 0.3387421647999883 0.08114871902276691 -0.18294240757624514 0.19060777676911878 0.62367421442997 0.39217567393166314 0.5101180473542543 0.18724074607321153 0.32089908669587636 0.23249430316243005 0.039504177733600064 0.15675820771282978 -0.42855504739802097 0.12077099202839067 0.21947461939270152 0.3368637835613758 -0.09628779718591902 0.3698237010982065 0.41187378432477195 -0.0520852379650751 0.7550308216698739 0.2181406829033758 0.8222539892280165 0.3719764723383982 0.016090192942441777 -0.1413690951535407 0.16232158879075878 0.19413740632947774 0.5703553254664065 0.45405950066986883 -0.23377415035024213 0.4891862837559467 0.19233699292999948 0.2811459957206198 -0.007315335317886891 0.6783406574481426 0.03642605753769698 -0.018422068150060488 0.37105975353960563 -0.10496300159618847 -0.09989047035826926 0.47269973919775143 0.8799530958761549 -0.12633598636665452 -0.3037679989865758 0.3189821889932722 -0.17837560938712987 0.2868095557004333 0.41102470334131813 0.6160379611743333 -0.2848091846030006 -0.3731484274407278 0.43075357042517065 -0.09647872354134374 -0.588657921010782 0.25966315891722774 -0.1799504072216456 0.16280331986518434 0.2463115219316228 -0.26412855862029294 0.24498910156548878 0.08812043970034543 0.5278184981510617 0.7620525763412853 -0.0640603950671569 0.2856442777560441 0.0
0.012201100127210724 -0.7048756770294828 -0.10445297314616996 0.11181574718035373 -0.5548017623540306 -0.3100831882523607 0.22789037712692822 -0.11425086592143248 0.21639150114711028 0.40744733396902416 0.5706401400907911 0.3306167205307093 0.4054515048800803 0.03182766896223909 -0.4302203965300577 0.008337837376184936 0.08636825197164658 0.25367239090969335 0.029262009850461033 0.6474619683025024 0.20734687763756737 1.0 0.3087489346175386 0.5891830859278306 -0.045441726097931845 0.4117144168298107 -0.011948756953810383 0.023622427107917458 0.42676509107656185 0.1747404808393898 -0.052050259884133254 0.03405779414224009 -0.009629866131205438 0.2761624311365222 0.07728801786995411 0.06380768939996356 -0.33346102721096116 0.0970638045175912 0.177908037647368 0.7286490714218324 0.16196707911709476 -0.029370043505603037 -0.011820394011303938 0.0830531998461927 -0.48760161848765327 -0.46288804302907277 0.2760944743855273 0.03379923456553949 0.2187909838644303 0.0323656603434165 -0.2939011362467687 0.11860996792457601 -0.13398761781765883 0.02754274746705398 0.23843914009090747 0.15471649005924076 0.2387882550760203 0.035618371103668285 0.25206391694314784 0.9104161551336315 -0.08891504812569269 0.37877334959625225 0.5588510733900822 -0.1888870962515013 0.5800036193634401 -0.625902490731038 -0.12449121289265447 0.17303289155760015 0.5052197846747287 0.320232209569878 0.05148588543658548 0.13478136330196214 0.11908026230043825 0.24471459788905014 0.27105233756565844 0.6150417367755999 0.16063556436679505 -0.20319382462819965 0.14109442509968254 0.02156520847999274 -0.11721623033177833 0.09655570454859175 -0.013715054437003818 0.08467653367374135 -0.18800578199854853 0.11947420180468026 -0.5350197144968608 0.7658220358589206 0.06380762367556111 -0.0011332119312000531 -0.1020758385409272 -0.0199576466272609 -0.19321062016296556 0.06851167939909142 -0.07631267000549947 -0.08983236615260712 -0.041736501159108624 -0.05532752727514211 0.020816356101180388 0.0
-0.03415153596357892 0.36548008017438116 1.0 0.5796306097646248 -0.3037411881132373 0.01892469448102808 0.34734610124533777 0.18946930311964083 0.02350923141839122 0.1127156234243324 0.9342341002670397 0.6367202590805872 0.03155787444286389 0.33798144156947246 0.6727675692979248 0.5393458407790729 0.5797646313268697 0.20003076806137357 0.0 0.0 0.15486624599829565 0.3087489346175386 1.0 0.5025013594776342 0.09329502487373767 0.3051010616912629 0.5490541005845304 0.3370594312731273 0.2121576978935111 -0.03981429263191912 0.2977826856329043 0.14897662048374863 0.2047546455919247 0.47244609172673974 0.21854503322700455 0.2877428822542185 0.07614651989447153 0.4355287021020873 0.7095619415789209 -0.25055784629453326 0.007874858089961833 0.7350516295012794 0.309126118640762 -0.1305801843505671 0.0 -0.19685073218002774 0.28706132819691926 0.4950271327973989 -0.08963193514573317 -0.08393288908265738 0.6031758011887665 0.48172428615750457 0.5139985744724876 -0.35058546947150804 0.18207630114303855 0.2669943366721144 0.4295254346794534 0.351079720943423 0.01554413611551853 0.0 0.24131341146609564 0.03144174500371129 0.6605369553175933 -0.32517594560838925 0.36375056096786085 -0.3321701661176802 0.4528624684104479 0.4275389392553714 0.6235929784596568 0.41036833791736294 0.22434009076777936 0.1472937921705525 0.6637742989243274 -0.3313429119185826 0.42374154277231074 0.6989969290401565 0.3251792302088701 -0.06384866602690496 0.44667304661250073 0.49267387289692516 -0.21291115154613513 0.15644640162070006 0.5915858348008117 -0.40875771376634706 -0.11991598633816455 0.7307573267230171 0.3140312253995706 0.7946501662146028 0.4137796873258346 0.360668525043339 0.2796235901924393 0.012768862511220967 0.0 0.3994149789109504 0.48004367181251695 0.7227547566453001 0.27917531041549953 0.4607441811083916 0.6150741226050634 0.0
